40:
[ -0.00000000036048415556935640934289096473555, 0.00000030657361183515256362563353338679, -0.00010538134357504556990609012601112, 0.01881695680652310451175246441835, -1.831525661879139343923839078343, 93.413252273951684401254169642925, -754.54423964144802994269412010908]


70:
[ 0.00000000072843254055285523997140762758194, -0.0000006838964666712546794447914223769, 0.00025566259894112497398285799299344, -0.048549010595033539883225159883295, 4.9477790202686735554493679956067, -255.0475001920597719617944676429, 6410.8787766901868963032029569149]


80:
[ 0.00000000089104007491270678133004105601401, -0.00000081257650861223422272366619448225, 0.0002953332245746184497002528868137, -0.054637302537929116619253022690827, 5.4436948706256709229478474298958, -275.75045583543266047854558564723, 6782.8588490446954892831854522228]


90:
[ 0.00000000084310483820889337718816957610015, -0.00000078063587403846535020003876564898, 0.0002889548649978103162135056880544, -0.054621173375176107489537002948055, 5.5755825141544299583529209485278, -289.81300432388690069274161942303, 7242.9267941715006600134074687958]


100:
[ 0.0000000019671950590472921518203555381029, -0.000001784424921863790538292511914098, 0.00065114299190350860991466364069424, -0.12219380025944663603620909952951, 12.457812874096831023962295148522, -653.3490473676662304569617845118, 15064.142984680695008137263357639]
 